
 FILE: ../../data/2015/parse/direction_freq_data_15.csv
Prob 
 93.000000  216.000000  94.000000  168.000000  52.000000  87.000000  430.000000  167.000000  197.000000  244.000000  104.000000  50.000000  65.000000  108.000000 
Initial 
 0.08596  0.22507  0.43956  0.50411  0.58131  0.67563  0.87869  0.00952  0.00969  0.00983  0.00921  0.00953  0.00929  0.01112  0.14892  0.12627  0.06699  0.28771  0.21253  0.07422  0.08337 
Fitness: 461.834005 

Iterations #: 50000 
 0.08837, 0.23692, 0.43333, 0.52600, 0.59623, 0.67584, 0.90964, 0.03401, 0.01493, 0.03089, 0.00325, 0.00392, 0.00382, 0.01761, 0.15020, 0.15993, 0.15814, 0.14162, 0.19620, 0.09044, 0.10347,
Fitness: 234.977200 
Time in sec of run: 2848.000732
 FILE: ../../data/2014/parse/direction_freq_data_14.csv
Prob 
 146.000000  285.000000  103.000000  244.000000  147.000000  101.000000  82.000000  73.000000  397.000000  594.000000  160.000000  37.000000  35.000000  94.000000 
Initial 
 0.07454  0.20270  0.35042  0.57978  0.65457  0.67117  0.81632  0.00942  0.00966  0.01003  0.00952  0.00923  0.00921  0.01184  0.17254  0.13891  0.09928  0.06205  0.39672  0.07886  0.05164 
Fitness: 301.128493 

Iterations #: 50000 
 0.07705, 0.26634, 0.39545, 0.63158, 0.65879, 0.72752, 0.80477, 0.01237, 0.01488, 0.00228, 0.00000, 0.01922, 0.00000, 0.00000, 0.18989, 0.12825, 0.09232, 0.07458, 0.40624, 0.10845, 0.00026,
Fitness: 56.579260 
Time in sec of run: 2838.252441
 FILE: ../../data/2013/parse/direction_freq_data_13.csv
Prob 
 97.000000  229.000000  86.000000  252.000000  95.000000  116.000000  85.000000  51.000000  210.000000  751.000000  234.000000  31.000000  37.000000  71.000000 
Initial 
 0.08721  0.23758  0.41138  0.63692  0.66666  0.68263  0.81565  0.00951  0.00950  0.01052  0.00938  0.00918  0.00927  0.01134  0.13902  0.14414  0.08998  0.05800  0.40981  0.11301  0.04606 
Fitness: 424.247097 

Iterations #: 50000 
 0.08416, 0.25054, 0.42792, 0.64857, 0.67631, 0.69498, 0.82888, 0.01199, 0.02065, 0.01199, 0.00000, 0.02776, 0.00000, 0.00000, 0.15322, 0.13268, 0.07359, 0.02018, 0.45761, 0.13467, 0.02804,
Fitness: 69.531194 
Time in sec of run: 2914.232666
 FILE: ../../data/All/parse/direction_freq_data_ENE.csv
Prob 
 34.000000  58.000000  23.000000  38.000000  17.000000  19.000000  16.000000  17.000000  83.000000  201.000000  75.000000  13.000000  15.000000  23.000000 
Initial 
 0.08654  0.25637  0.55688  0.65587  0.66666  0.70214  0.83685  0.00958  0.01024  0.01044  0.00923  0.00918  0.00931  0.01116  0.14557  0.09652  0.05696  0.05222  0.44937  0.13924  0.06013 
Fitness: 144.420285 

Iterations #: 27276 
 0.05642, 0.23528, 0.60493, 0.65901, 0.67315, 0.73276, 1.00000, 0.00526, 0.00475, 0.02419, 0.00000, 0.04784, 0.08695, 0.00000, 0.15881, 0.09291, 0.10679, 0.10015, 0.31613, 0.09658, 0.12863,
Fitness: 22.180797 
Time in sec of run: 1555.623291
 FILE: ../../data/All/parse/direction_freq_data_FEB.csv
Prob 
 23.000000  48.000000  27.000000  46.000000  15.000000  14.000000  18.000000  14.000000  73.000000  192.000000  58.000000  6.000000  14.000000  18.000000 
Initial 
 0.09649  0.24701  0.53128  0.65106  0.66666  0.68608  0.82027  0.00961  0.00981  0.01067  0.00926  0.00918  0.00927  0.01134  0.12544  0.12898  0.05124  0.05654  0.46820  0.11307  0.05654 
Fitness: 130.397909 

Iterations #: 134 
 0.08969, 0.24082, 0.52739, 0.68453, 0.67301, 0.70223, 0.82534, 0.01082, 0.01728, 0.00146, 0.02004, 0.02258, 0.00000, 0.00234, 0.12571, 0.13156, 0.05203, 0.06695, 0.43925, 0.12999, 0.05452,
Fitness: 22.271337 
Time in sec of run: 7.922870
 FILE: ../../data/All/parse/direction_freq_data_MAR.csv
Prob 
 30.000000  51.000000  22.000000  61.000000  26.000000  22.000000  21.000000  10.000000  67.000000  181.000000  41.000000  5.000000  8.000000  18.000000 
Initial 
 0.08270  0.23073  0.39879  0.62053  0.66666  0.67568  0.80021  0.00953  0.00951  0.01078  0.00939  0.00918  0.00922  0.01169  0.14387  0.14742  0.08526  0.05506  0.44050  0.08171  0.04618 
Fitness: 104.544257 

Iterations #: 228 
 0.08548, 0.23762, 0.41443, 0.62687, 0.66887, 0.68606, 0.80553, 0.01510, 0.02383, 0.00463, 0.00000, 0.02429, 0.01219, 0.00000, 0.14474, 0.15120, 0.10369, 0.08260, 0.35889, 0.09762, 0.06125,
Fitness: 22.310005 
Time in sec of run: 13.850153
 FILE: ../../data/All/parse/direction_freq_data_ABR.csv
Prob 
 25.000000  48.000000  33.000000  63.000000  28.000000  33.000000  24.000000  13.000000  60.000000  138.000000  57.000000  11.000000  6.000000  19.000000 
Initial 
 0.08433  0.22838  0.35822  0.57374  0.66280  0.67820  0.81590  0.00958  0.00953  0.00988  0.00985  0.00921  0.00927  0.01119  0.13082  0.17204  0.10932  0.06631  0.35484  0.12186  0.04480 
Fitness: 74.974500 

Iterations #: 18544 
 0.07579, 0.21776, 0.37735, 0.57643, 0.67202, 0.69526, 0.82291, 0.02170, 0.01833, 0.01751, 0.00192, 0.01870, 0.00000, 0.00000, 0.09217, 0.17869, 0.08788, 0.00159, 0.38572, 0.20467, 0.04927,
Fitness: 22.256276 
Time in sec of run: 1038.476074
 FILE: ../../data/All/parse/direction_freq_data_MAY.csv
Prob 
 38.000000  78.000000  36.000000  99.000000  46.000000  32.000000  40.000000  19.000000  47.000000  88.000000  30.000000  6.000000  10.000000  19.000000 
Initial 
 0.06849  0.16927  0.26058  0.36013  0.54815  0.66171  0.80351  0.00936  0.00947  0.00925  0.00966  0.00985  0.00921  0.01206  0.19728  0.22959  0.13265  0.10034  0.22959  0.06122  0.04932 
Fitness: 243.656241 

Iterations #: 50000 
 0.26896, 0.57607, 0.43822, 0.09826, 0.65449, 0.97572, 0.65982, 0.02685, 0.00328, 0.00000, 0.04969, 0.01922, 0.00000, 0.00000, 0.18538, 0.31435, 0.07465, 0.12214, 0.08938, 0.00611, 0.20800,
Fitness: 81.752196 
Time in sec of run: 2552.400635
 FILE: ../../data/All/parse/direction_freq_data_JUN.csv
Prob 
 38.000000  85.000000  25.000000  93.000000  39.000000  29.000000  49.000000  21.000000  41.000000  74.000000  23.000000  7.000000  7.000000  22.000000 
Initial 
 0.06514  0.15419  0.25176  0.35588  0.52342  0.65267  0.80968  0.00934  0.00952  0.00926  0.00971  0.00953  0.00930  0.01269  0.22242  0.21338  0.12297  0.12658  0.20796  0.05425  0.05244 
Fitness: 286.308891 

Iterations #: 50000 
 0.06664, 0.26640, 0.27357, 0.38136, 0.55087, 0.69610, 0.77025, 0.02343, 0.01372, 0.06841, 0.01324, 0.13341, 0.10033, 0.00000, 0.20525, 0.18745, 0.02725, 0.20325, 0.12968, 0.08669, 0.16043,
Fitness: 188.918691 
Time in sec of run: 2408.634033
 FILE: ../../data/All/parse/direction_freq_data_JUL.csv
Prob 
 22.000000  91.000000  33.000000  88.000000  37.000000  34.000000  58.000000  26.000000  50.000000  87.000000  31.000000  14.000000  14.000000  18.000000 
Initial 
 0.08178  0.18171  0.27374  0.42013  0.56418  0.66569  0.82178  0.00935  0.00953  0.00940  0.01007  0.00976  0.00922  0.01161  0.18740  0.20066  0.11774  0.13930  0.22720  0.07463  0.05307 
Fitness: 177.338315 

Iterations #: 50000 
 0.09488, 0.18888, 0.27908, 0.44112, 0.58106, 0.68621, 0.81589, 0.01821, 0.00000, 0.03178, 0.03916, 0.00806, 0.01959, 0.00000, 0.19908, 0.26747, 0.19588, 0.09842, 0.07906, 0.16008, 0.00000,
Fitness: 31.393105 
Time in sec of run: 2744.868164
 FILE: ../../data/All/parse/direction_freq_data_AGO.csv
Prob 
 33.000000  83.000000  31.000000  54.000000  25.000000  26.000000  46.000000  18.000000  53.000000  92.000000  36.000000  16.000000  20.000000  44.000000 
Initial 
 0.07033  0.16750  0.30989  0.50759  0.64502  0.69940  0.91804  0.00939  0.00957  0.00986  0.00982  0.00932  0.00947  0.01037  0.20104  0.14731  0.08839  0.11092  0.25130  0.09012  0.11092 
Fitness: 79.213511 

Iterations #: 41204 
 0.08945, 0.20897, 0.35027, 0.50580, 0.65593, 0.73053, 0.94947, 0.02869, 0.01143, 0.00290, 0.00480, 0.02306, 0.00997, 0.04307, 0.18663, 0.13140, 0.14561, 0.13367, 0.16376, 0.13166, 0.10727,
Fitness: 22.170518 
Time in sec of run: 2445.943604
 FILE: ../../data/All/parse/direction_freq_data_SEP.csv
Prob 
 17.000000  44.000000  23.000000  48.000000  32.000000  26.000000  63.000000  26.000000  61.000000  112.000000  27.000000  11.000000  20.000000  30.000000 
Initial 
 0.10563  0.26830  0.43416  0.55442  0.65477  0.68176  0.89082  0.00979  0.00963  0.01008  0.00965  0.00923  0.00928  0.01116  0.11296  0.13148  0.10741  0.16481  0.32037  0.07037  0.09259 
Fitness: 92.775196 

Iterations #: 166 
 0.11339, 0.27891, 0.45534, 0.55597, 0.67168, 0.66541, 0.90992, 0.01798, 0.01238, 0.03181, 0.00147, 0.02397, 0.00110, 0.02487, 0.13623, 0.14455, 0.10752, 0.14808, 0.29980, 0.07744, 0.08637,
Fitness: 22.319598 
Time in sec of run: 10.079570
 FILE: ../../data/All/parse/direction_freq_data_OCT.csv
Prob 
 27.000000  66.000000  19.000000  31.000000  9.000000  24.000000  80.000000  19.000000  80.000000  120.000000  42.000000  14.000000  10.000000  22.000000 
Initial 
 0.07766  0.23577  0.46939  0.56759  0.65348  0.67773  0.83900  0.00936  0.01036  0.00951  0.00966  0.00924  0.00925  0.01130  0.16519  0.08881  0.05861  0.17584  0.35524  0.09947  0.05684 
Fitness: 188.149963 

Iterations #: 50000 
 0.09823, 0.23511, 0.46586, 0.63933, 0.64957, 0.69627, 1.00000, 0.01543, 0.00000, 0.02955, 0.04749, 0.00000, 0.03299, 0.00000, 0.16922, 0.00076, 0.12572, 0.18221, 0.29376, 0.16720, 0.06112,
Fitness: 37.502260 
Time in sec of run: 2552.668457
 FILE: ../../data/All/parse/direction_freq_data_NOV.csv
Prob 
 27.000000  34.000000  4.000000  24.000000  13.000000  23.000000  103.000000  52.000000  96.000000  151.000000  32.000000  6.000000  6.000000  10.000000 
Initial 
 0.11627  0.41918  0.50701  0.58034  0.65028  0.66666  0.76146  0.01045  0.01021  0.00922  0.00934  0.00925  0.00918  0.01124  0.10499  0.04819  0.06196  0.26678  0.42513  0.06540  0.02754 
Fitness: 363.902142 

Iterations #: 50000 
 0.18241, 0.49048, 0.54233, 0.59996, 0.77433, 0.68072, 0.70714, 0.00000, 0.23597, 0.00000, 0.08010, 0.00000, 0.16124, 0.04670, 0.24621, 0.21534, 0.08546, 0.17440, 0.13255, 0.14393, 0.00211,
Fitness: 88.168226 
Time in sec of run: 2539.857178
 FILE: ../../data/All/parse/direction_freq_data_DIC.csv
Prob 
 22.000000  44.000000  7.000000  19.000000  7.000000  22.000000  79.000000  56.000000  93.000000  153.000000  46.000000  9.000000  7.000000  21.000000 
Initial 
 0.10846  0.42342  0.51972  0.60510  0.66098  0.67434  0.81154  0.01020  0.01042  0.00927  0.00935  0.00921  0.00922  0.01152  0.11282  0.04444  0.04957  0.23077  0.42051  0.09402  0.04786 
Fitness: 335.286306 

Iterations #: 50000 
 0.08861, 0.45841, 0.52326, 0.59479, 0.65547, 0.65800, 0.76233, 0.00765, 0.02640, 0.01146, 0.00000, 0.02275, 0.02570, 0.00000, 0.12995, 0.11841, 0.09194, 0.19946, 0.31029, 0.10344, 0.04651,
Fitness: 37.814759 
Time in sec of run: 2622.643799
 FILE: ../../data/2015/parse/direction_freq_data_15_ENE.csv
Prob 
 19.000000  12.000000  3.000000  11.000000  6.000000  4.000000  5.000000  9.000000  45.000000  49.000000  31.000000  8.000000  11.000000  6.000000 
Initial 
 0.06787  0.32494  0.59497  0.64783  0.67471  0.72672  0.85001  0.00954  0.01191  0.00937  0.00922  0.00922  0.00930  0.01028  0.14155  0.06393  0.04566  0.06393  0.42922  0.17808  0.07763 
Fitness: 42.941029 

Iterations #: 10 
 0.06409, 0.32202, 0.59001, 0.65050, 0.66385, 0.72968, 0.84309, 0.00438, 0.01131, 0.00688, 0.00938, 0.00922, 0.00000, 0.00638, 0.14066, 0.06087, 0.04047, 0.05597, 0.45279, 0.17664, 0.07260,
Fitness: 18.773471 
Time in sec of run: 0.726475
 FILE: ../../data/2014/parse/direction_freq_data_14_ENE.csv
Prob 
 9.000000  35.000000  10.000000  16.000000  8.000000  14.000000  5.000000  4.000000  16.000000  68.000000  9.000000  3.000000  2.000000  6.000000 
Initial 
 0.08640  0.16368  0.31313  0.55249  0.66571  0.66666  0.77876  0.00944  0.00945  0.00989  0.01103  0.00919  0.00918  0.01190  0.21463  0.12683  0.10732  0.04390  0.40976  0.05854  0.03902 
Fitness: 68.102447 

Iterations #: 126 
 0.09953, 0.18196, 0.32817, 0.55934, 0.66797, 0.67506, 0.78381, 0.01375, 0.00000, 0.01281, 0.01314, 0.03688, 0.08723, 0.00000, 0.22809, 0.13984, 0.12445, 0.01047, 0.37759, 0.06802, 0.05154,
Fitness: 21.604465 
Time in sec of run: 7.661764
 FILE: ../../data/2013/parse/direction_freq_data_13_ENE.csv
Prob 
 6.000000  11.000000  10.000000  11.000000  3.000000  1.000000  6.000000  4.000000  22.000000  84.000000  35.000000  2.000000  2.000000  9.000000 
Initial 
 0.12795  0.42637  0.64848  0.66666  0.66761  0.71166  0.82399  0.01013  0.01381  0.00926  0.00918  0.00919  0.00925  0.01163  0.08252  0.10194  0.01942  0.04854  0.51456  0.17961  0.05340 
Fitness: 194.988635 

Iterations #: 50000 
 0.00000, 0.00000, 1.00000, 0.72420, 0.68655, 1.00000, 1.00000, 0.00000, 0.00000, 0.00000, 0.00000, 0.02793, 0.00000, 0.00000, 0.00073, 0.15200, 0.02593, 0.03223, 0.54284, 0.22278, 0.02349,
Fitness: 24.860318 
Time in sec of run: 2780.914551
 FILE: ../../data/2015/parse/direction_freq_data_15_MAY.csv
Prob 
 13.000000  20.000000  14.000000  22.000000  9.000000  8.000000  26.000000  10.000000  20.000000  12.000000  7.000000  0.000000  3.000000  8.000000 
Initial 
 0.06137  0.16205  0.26039  0.42087  0.51612  0.60993  0.79845  0.00938  0.00939  0.00933  0.01018  0.00932  0.00945  0.01321  0.19186  0.20930  0.09884  0.20930  0.18605  0.04070  0.06395 
Fitness: 60.843802 

Iterations #: 50000 
 0.06782, 0.16294, 0.27475, 0.43484, 0.50845, 0.60431, 0.79312, 0.00000, 0.00498, 0.00000, 0.00000, 0.00286, 0.00775, 0.00007, 0.00003, 0.27047, 0.00002, 0.27683, 0.39423, 0.00002, 0.05840,
Fitness: 26.693766 
Time in sec of run: 2489.245605
 FILE: ../../data/2014/parse/direction_freq_data_14_MAY.csv
Prob 
 16.000000  30.000000  13.000000  37.000000  23.000000  4.000000  6.000000  5.000000  16.000000  44.000000  12.000000  2.000000  1.000000  3.000000 
Initial 
 0.06574  0.15550  0.25000  0.31665  0.56131  0.66666  0.74133  0.00934  0.00939  0.00924  0.00934  0.01051  0.00918  0.01071  0.21698  0.23585  0.12736  0.05189  0.28302  0.06604  0.01887 
Fitness: 142.856664 

Iterations #: 50 
 0.08939, 0.16981, 0.27584, 0.29540, 0.66406, 0.72351, 0.76004, 0.01777, 0.00000, 0.01453, 0.04569, 0.01953, 0.01634, 0.00000, 0.21803, 0.25416, 0.15038, 0.06174, 0.23997, 0.06937, 0.00635,
Fitness: 20.483982 
Time in sec of run: 3.093606
 FILE: ../../data/2013/parse/direction_freq_data_13_MAY.csv
Prob 
 9.000000  28.000000  9.000000  40.000000  14.000000  20.000000  8.000000  4.000000  11.000000  32.000000  11.000000  4.000000  6.000000  6.000000 
Initial 
 0.07446  0.17958  0.26389  0.34034  0.49916  0.66369  0.80586  0.00933  0.00956  0.00923  0.00936  0.01102  0.00920  0.01190  0.18317  0.24257  0.16832  0.05941  0.21287  0.07426  0.05941 
Fitness: 135.687704 

Iterations #: 2089 
 0.08825, 0.19059, 0.27198, 0.35092, 0.53057, 0.68118, 0.81167, 0.01695, 0.00000, 0.02959, 0.00392, 0.00000, 0.03621, 0.00000, 0.13813, 0.12725, 0.13876, 0.15603, 0.13191, 0.15511, 0.15281,
Fitness: 22.346281 
Time in sec of run: 101.554672
 FILE: ../../data/2015/parse/direction_freq_data_15_SEP.csv
Prob 
 4.000000  8.000000  7.000000  6.000000  0.000000  3.000000  52.000000  13.000000  2.000000  3.000000  2.000000  5.000000  11.000000  23.000000 
Initial 
 0.11728  0.38865  0.49999  0.49999  0.53791  0.83553  0.97563  0.00989  0.01167  0.00918  0.00918  0.00938  0.01092  0.00932  0.08633  0.09353  0.02158  0.46763  0.03597  0.05036  0.24460 
Fitness: 77.411834 

Iterations #: 50000 
 0.00000, 0.00000, 0.48548, 0.45541, 0.20779, 0.00000, 0.90848, 0.00670, 0.18802, 0.22038, 0.00000, 0.00000, 0.10672, 0.02271, 0.19077, 0.00001, 0.45735, 0.35185, 0.00001, 0.00001, 0.00000,
Fitness: 25.541457 
Time in sec of run: 2508.126953
 FILE: ../../data/2014/parse/direction_freq_data_14_SEP.csv
Prob 
 10.000000  19.000000  5.000000  14.000000  24.000000  13.000000  3.000000  7.000000  33.000000  43.000000  14.000000  4.000000  4.000000  6.000000 
Initial 
 0.07845  0.25622  0.35988  0.57358  0.64980  0.67161  0.80677  0.00964  0.00989  0.00948  0.00978  0.00924  0.00921  0.01166  0.14573  0.09548  0.18593  0.05025  0.38191  0.09045  0.05025 
Fitness: 19.563136 

Iterations #: 0 
 0.08061, 0.25806, 0.36057, 0.58267, 0.65851, 0.67939, 0.81977, 0.01184, 0.01669, 0.02089, 0.01807, 0.01105, 0.01612, 0.01576, 0.14580, 0.09729, 0.18473, 0.05047, 0.36827, 0.09563, 0.05782,
Fitness: 15.869938 
Time in sec of run: 0.066807
 FILE: ../../data/2013/parse/direction_freq_data_13_SEP.csv
Prob 
 3.000000  17.000000  11.000000  28.000000  8.000000  10.000000  8.000000  6.000000  26.000000  66.000000  11.000000  2.000000  4.000000  0.000000 
Initial 
 0.12247  0.24709  0.37416  0.60260  0.66171  0.66666  0.73865  0.00966  0.00932  0.01017  0.00957  0.00921  0.00918  0.01023  0.10000  0.19500  0.09000  0.07000  0.46000  0.06500  0.02000 
Fitness: 68.904049 

Iterations #: 150 
 0.14109, 0.25399, 0.38526, 0.60537, 0.66347, 0.66582, 0.75473, 0.01548, 0.02157, 0.01464, 0.00000, 0.01493, 0.01602, 0.00000, 0.10726, 0.18190, 0.10223, 0.08351, 0.38601, 0.08671, 0.05239,
Fitness: 21.890982 
Time in sec of run: 9.014611