Start! 0 

 FILE: ../../data/2015/parse/direction_freq_data_15.csv
Prob 
 93.000000  216.000000  94.000000  168.000000  52.000000  87.000000  430.000000  167.000000  197.000000  244.000000  104.000000  50.000000  65.000000  108.000000 

 FILE: ../../data/2015/parse/direction_freq_data_15.csv
Prob 
 93.000000  216.000000  94.000000  168.000000  52.000000  87.000000  430.000000  167.000000  197.000000  244.000000  104.000000  50.000000  65.000000  108.000000 

 FILE: ../../data/2015/parse/direction_freq_data_15.csv
Prob 
 93.000000  216.000000  94.000000  168.000000  52.000000  87.000000  430.000000  167.000000  197.000000  244.000000  104.000000  50.000000  65.000000  108.000000 

 FILE: ../../data/2015/parse/direction_freq_data_15.csv
Prob 
 93.000000  216.000000  94.000000  168.000000  52.000000  87.000000  430.000000  167.000000  197.000000  244.000000  104.000000  50.000000  65.000000  108.000000 

 FILE: ../../data/2015/parse/direction_freq_data_15.csv
Prob 
 93.000000  216.000000  94.000000  168.000000  52.000000  87.000000  430.000000  167.000000  197.000000  244.000000  104.000000  50.000000  65.000000  108.000000 

 FILE: ../../data/2015/parse/direction_freq_data_15.csv
Prob 
 93.000000  216.000000  94.000000  168.000000  52.000000  87.000000  430.000000  167.000000  197.000000  244.000000  104.000000  50.000000  65.000000  108.000000 

 FILE: ../../data/2015/parse/direction_freq_data_15.csv
Prob 
 93.000000  216.000000  94.000000  168.000000  52.000000  87.000000  430.000000  167.000000  197.000000  244.000000  104.000000  50.000000  65.000000  108.000000 

 FILE: ../../data/2015/parse/direction_freq_data_15.csv
Prob 
 93.000000  216.000000  94.000000  168.000000  52.000000  87.000000  430.000000  167.000000  197.000000  244.000000  104.000000  50.000000  65.000000  108.000000 

 FILE: ../../data/2015/parse/direction_freq_data_15.csv
Prob 
 93.000000  216.000000  94.000000  168.000000  52.000000  87.000000  430.000000  167.000000  197.000000  244.000000  104.000000  50.000000  65.000000  108.000000 

 FILE: ../../data/2015/parse/direction_freq_data_15.csv
Prob 
 93.000000  216.000000  94.000000  168.000000  52.000000  87.000000  430.000000  167.000000  197.000000  244.000000  104.000000  50.000000  65.000000  108.000000 

 FILE: ../../data/2015/parse/direction_freq_data_15.csv
Prob 
 93.000000  216.000000  94.000000  168.000000  52.000000  87.000000  430.000000  167.000000  197.000000  244.000000  104.000000  50.000000  65.000000  108.000000 

 FILE: ../../data/2015/parse/direction_freq_data_15.csv
Prob 
 93.000000  216.000000  94.000000  168.000000  52.000000  87.000000  430.000000  167.000000  197.000000  244.000000  104.000000  50.000000  65.000000  108.000000 

 FILE: ../../data/2015/parse/direction_freq_data_15.csv
Prob 
 93.000000  216.000000  94.000000  168.000000  52.000000  87.000000  430.000000  167.000000  197.000000  244.000000  104.000000  50.000000  65.000000  108.000000 

 FILE: ../../data/2015/parse/direction_freq_data_15.csv
Prob 
 93.000000  216.000000  94.000000  168.000000  52.000000  87.000000  430.000000  167.000000  197.000000  244.000000  104.000000  50.000000  65.000000  108.000000 

 FILE: ../../data/2015/parse/direction_freq_data_15.csv
Prob 
 93.000000  216.000000  94.000000  168.000000  52.000000  87.000000  430.000000  167.000000  197.000000  244.000000  104.000000  50.000000  65.000000  108.000000 

 FILE: ../../data/2015/parse/direction_freq_data_15.csv
Prob 
 93.000000  216.000000  94.000000  168.000000  52.000000  87.000000  430.000000  167.000000  197.000000  244.000000  104.000000  50.000000  65.000000  108.000000 

 FILE: ../../data/2015/parse/direction_freq_data_15.csv
Prob 
 93.000000  216.000000  94.000000  168.000000  52.000000  87.000000  430.000000  167.000000  197.000000  244.000000  104.000000  50.000000  65.000000  108.000000 

 FILE: ../../data/2015/parse/direction_freq_data_15.csv
Prob 
 93.000000  216.000000  94.000000  168.000000  52.000000  87.000000  430.000000  167.000000  197.000000  244.000000  104.000000  50.000000  65.000000  108.000000 

 FILE: ../../data/2015/parse/direction_freq_data_15.csv
Prob 
 93.000000  216.000000  94.000000  168.000000  52.000000  87.000000  430.000000  167.000000  197.000000  244.000000  104.000000  50.000000  65.000000  108.000000 

 FILE: ../../data/2015/parse/direction_freq_data_15.csv
Prob 
 93.000000  216.000000  94.000000  168.000000  52.000000  87.000000  430.000000  167.000000  197.000000  244.000000  104.000000  50.000000  65.000000  108.000000 

 FILE: ../../data/2015/parse/direction_freq_data_15.csv
Prob 
 93.000000  216.000000  94.000000  168.000000  52.000000  87.000000  430.000000  167.000000  197.000000  244.000000  104.000000  50.000000  65.000000  108.000000 

 FILE: ../../data/2015/parse/direction_freq_data_15.csv
Prob 
 93.000000  216.000000  94.000000  168.000000  52.000000  87.000000  430.000000  167.000000  197.000000  244.000000  104.000000  50.000000  65.000000  108.000000 

 FILE: ../../data/2015/parse/direction_freq_data_15.csv
Prob 
 93.000000  216.000000  94.000000  168.000000  52.000000  87.000000  430.000000  167.000000  197.000000  244.000000  104.000000  50.000000  65.000000  108.000000 

 FILE: ../../data/2015/parse/direction_freq_data_15.csv
Prob 
 93.000000  216.000000  94.000000  168.000000  52.000000  87.000000  430.000000  167.000000  197.000000  244.000000  104.000000  50.000000  65.000000  108.000000 

 FILE: ../../data/2015/parse/direction_freq_data_15.csv
Prob 
 93.000000  216.000000  94.000000  168.000000  52.000000  87.000000  430.000000  167.000000  197.000000  244.000000  104.000000  50.000000  65.000000  108.000000 

 FILE: ../../data/2015/parse/direction_freq_data_15.csv
Prob 
 93.000000  216.000000  94.000000  168.000000  52.000000  87.000000  430.000000  167.000000  197.000000  244.000000  104.000000  50.000000  65.000000  108.000000 

 FILE: ../../data/2015/parse/direction_freq_data_15.csv
Prob 
 93.000000  216.000000  94.000000  168.000000  52.000000  87.000000  430.000000  167.000000  197.000000  244.000000  104.000000  50.000000  65.000000  108.000000 

 FILE: ../../data/2015/parse/direction_freq_data_15.csv
Prob 
 93.000000  216.000000  94.000000  168.000000  52.000000  87.000000  430.000000  167.000000  197.000000  244.000000  104.000000  50.000000  65.000000  108.000000 

 FILE: ../../data/2015/parse/direction_freq_data_15.csv
Prob 
 93.000000  216.000000  94.000000  168.000000  52.000000  87.000000  430.000000  167.000000  197.000000  244.000000  104.000000  50.000000  65.000000  108.000000 

 FILE: ../../data/2015/parse/direction_freq_data_15.csv
Prob 
 93.000000  216.000000  94.000000  168.000000  52.000000  87.000000  430.000000  167.000000  197.000000  244.000000  104.000000  50.000000  65.000000  108.000000 

 Resumen de experimentos 
 Best Fitness  19.427483 
 Worst Fitness  86.303216 
 Mean Fitness  30.907087 
 Best Iteration  445.000000 
 Worst Iteration  50000.000000 
 Mean Iteration  19940.466667 
 Best Time  25.600464 
 Worst Time  2627.870361 
 Mean Time  1037.367713 

 ------ 
Start! 1 

 FILE: ../../data/2014/parse/direction_freq_data_14.csv
Prob 
 146.000000  285.000000  103.000000  244.000000  147.000000  101.000000  82.000000  73.000000  397.000000  594.000000  160.000000  37.000000  35.000000  94.000000 

 FILE: ../../data/2014/parse/direction_freq_data_14.csv
Prob 
 146.000000  285.000000  103.000000  244.000000  147.000000  101.000000  82.000000  73.000000  397.000000  594.000000  160.000000  37.000000  35.000000  94.000000 

 FILE: ../../data/2014/parse/direction_freq_data_14.csv
Prob 
 146.000000  285.000000  103.000000  244.000000  147.000000  101.000000  82.000000  73.000000  397.000000  594.000000  160.000000  37.000000  35.000000  94.000000 

 FILE: ../../data/2014/parse/direction_freq_data_14.csv
Prob 
 146.000000  285.000000  103.000000  244.000000  147.000000  101.000000  82.000000  73.000000  397.000000  594.000000  160.000000  37.000000  35.000000  94.000000 

 FILE: ../../data/2014/parse/direction_freq_data_14.csv
Prob 
 146.000000  285.000000  103.000000  244.000000  147.000000  101.000000  82.000000  73.000000  397.000000  594.000000  160.000000  37.00000