// LA RAJAAA!!!!

Prob 
 93.000000  216.000000  94.000000  168.000000  52.000000  87.000000  430.000000  167.000000  197.000000  244.000000  104.000000  50.000000  65.000000  108.000000 
Initial 
 0.08596  0.22507  0.43956  0.50411  0.58131  0.67563  0.87869  0.00952  0.00969  0.00983  0.00921  0.00953  0.00929  0.01112  0.14892  0.12627  0.06699  0.28771  0.21253  0.07422  0.08337 
Best: 461.834005 
Prob solution: 
 0.049205  0.071728  0.066325  0.055653  0.030421  0.061917  0.157372  0.205100  0.150384  0.071935  0.027589  0.030136  0.041034  0.028628 
 sum: 1.047428 

Iterations #: 50000 
 0.07849, 0.20084, 0.24881, 0.47076, 0.64617, 0.70437, 0.90720, 0.01115, 0.00913, 0.00891, 0.02744, 0.01182, 0.01416, 0.00859, 0.15053, 0.12959, 0.06703, 0.28308, 0.20446, 0.07709, 0.08821,
Best: 75.165259 
 Prob solution 
 0.063137  0.087016  0.086418  0.072303  0.029221  0.043499  0.197737  0.084308  0.093125  0.126039  0.056584  0.024365  0.038538  0.040986 
 sum: 1.043273 

real  32m54.800s
user  32m47.136s
sys 0m4.228s

Hablar acerca de las condiciones de borde...

####

2014...

Prob 
 146.000000  285.000000  103.000000  244.000000  147.000000  101.000000  82.000000  73.000000  397.000000  594.000000  160.000000  37.000000  35.000000  94.000000 
Initial 
 0.07454  0.20270  0.35042  0.57978  0.65457  0.67117  0.81632  0.00942  0.00966  0.01003  0.00952  0.00923  0.00921  0.01184  0.17254  0.13891  0.09928  0.06205  0.39672  0.07886  0.05164 
Best: 301.128493 
Prob solution: 
 0.063205  0.086086  0.079422  0.062471  0.054674  0.039348  0.021066  0.066459  0.186035  0.212244  0.098119  0.038493  0.014817  0.021731 
 sum: 1.044169 

Iterations #: 50000 
 0.09237, 0.26751, 0.00000, 0.42492, 0.66243, 0.69997, 0.99931, 0.01870, 0.02372, 0.00085, 0.00756, 0.01884, 0.00000, 0.00000, 0.17385, 0.14247, 0.10582, 0.06531, 0.41015, 0.08240, 0.01999,
Best: 41.314831 
 Prob solution 
 0.068898  0.115777  0.051392  0.098882  0.070709  0.038504  0.034963  0.030291  0.148732  0.250232  0.068137  0.018870  0.019528  0.024785 
 sum: 1.039701 

real  33m41.214s
user  33m23.256s
sys 0m10.972s

###
2013

Prob 
 97.000000  229.000000  86.000000  252.000000  95.000000  116.000000  85.000000  51.000000  210.000000  751.000000  234.000000  31.000000  37.000000  72.000000 
Initial 
 0.08721  0.23758  0.41138  0.63692  0.66666  0.68263  0.81617  0.00951  0.00950  0.01052  0.00938  0.00918  0.00927  0.01136  0.13896  0.14408  0.08994  0.05797  0.40963  0.11296  0.04646 
Best: 426.881770 
Prob solution: 
 0.043456  0.065999  0.064061  0.066070  0.045343  0.045785  0.034732  0.048645  0.174251  0.253260  0.134585  0.044212  0.013356  0.013168 
 sum: 1.046924 

Iterations #: 50000 
 0.09172, 0.24088, 0.39997, 0.88144, 0.68062, 0.58377, 0.98095, 0.02371, 0.02786, 0.01889, 0.00123, 0.02570, 0.00193, 0.00254, 0.11925, 0.14192, 0.07361, 0.03307, 0.43926, 0.12958, 0.06331,
Best: 43.281392 
 Prob solution 
 0.049940  0.085118  0.050402  0.101214  0.037774  0.056669  0.038329  0.027455  0.102624  0.323978  0.107818  0.020083  0.020033  0.022472 
 sum: 1.043907 

## 20 15 50500

Prob 
 93.000000  216.000000  94.000000  168.000000  52.000000  87.000000  430.000000  167.000000  197.000000  244.000000  104.000000  50.000000  65.000000  108.000000 
Initial 
 0.08596  0.22507  0.43956  0.50411  0.58131  0.67563  0.87869  0.00952  0.00969  0.00983  0.00921  0.00953  0.00929  0.01112  0.14892  0.12627  0.06699  0.28771  0.21253  0.07422  0.08337 
Fitness: 461.834005 


Iterations #: 50500 
 0.08872, 0.25073, 1.00000, 0.46560, 0.63555, 0.68142, 0.86669, 0.01763, 0.01733, 0.00704, 0.02999, 0.01036, 0.01752, 0.00315, 0.15185, 0.12601, 0.07305, 0.27494, 0.20368, 0.06745, 0.10303,
Fitness: 44.684905 

real  33m32.165s
user  33m13.588s
sys 0m7.412s


### FEB

Prob 
 23.000000  48.000000  27.000000  46.000000  15.000000  14.000000  18.000000  14.000000  73.000000  192.000000  58.000000  6.000000  14.000000  18.000000 
Initial 
 0.09649  0.24701  0.53128  0.65106  0.66666  0.68608  0.82027  0.00961  0.00981  0.01067  0.00926  0.00918  0.00927  0.01134  0.12544  0.12898  0.05124  0.05654  0.46820  0.11307  0.05654 
Fitness: 130.397909 

Iterations #: 50500 
 0.24556, 0.16390, 0.51837, 1.00000, 0.67589, 0.74555, 0.95063, 0.00000, 0.00483, 0.00000, 0.01406, 0.01759, 0.01042, 0.00777, 0.24497, 0.19340, 0.04920, 0.00000, 0.51243, 0.00000, 0.00000,
Fitness: 28.736218 

real  36m5.354s
user  36m5.152s
sys 0m0.008s

### Mar

Prob 
 30.000000  51.000000  22.000000  61.000000  26.000000  22.000000  21.000000  10.000000  67.000000  181.000000  41.000000  5.000000  8.000000  18.000000 
Initial 
 0.08270  0.23073  0.39879  0.62053  0.66666  0.67568  0.80021  0.00953  0.00951  0.01078  0.00939  0.00918  0.00922  0.01169  0.14387  0.14742  0.08526  0.05506  0.44050  0.08171  0.04618 
Fitness: 104.544257 

Iterations #: 50500 
 0.09450, 0.25736, 0.40911, 0.62408, 0.67431, 1.00000, 0.76917, 0.01799, 0.04006, 0.00994, 0.00565, 0.02519, 0.00793, 0.00698, 0.14597, 0.14826, 0.08901, 0.05617, 0.45073, 0.07869, 0.03117,
Fitness: 6.042533 

real  32m48.784s
user  32m37.384s
sys 0m1.688s

### Abr

Prob 
 25.000000  48.000000  33.000000  63.000000  28.000000  33.000000  24.000000  13.000000  60.000000  138.000000  57.000000  11.000000  6.000000  19.000000 
Initial 
 0.08433  0.22838  0.35822  0.57374  0.66280  0.67820  0.81590  0.00958  0.00953  0.00988  0.00985  0.00921  0.00927  0.01119  0.13082  0.17204  0.10932  0.06631  0.35484  0.12186  0.04480 
Fitness: 74.974500 

Iterations #: 50500 
 0.08054, 0.24106, 0.41023, 0.65751, 0.67846, 0.64978, 0.81799, 0.01304, 0.02431, 0.01659, 0.00000, 0.01750, 0.00000, 0.00000, 0.13250, 0.16223, 0.08037, 0.04736, 0.40595, 0.12166, 0.04992,
Fitness: 7.511217 

real  33m14.139s
user  32m58.456s
sys 0m12.736s

### May

Prob 
 38.000000  78.000000  36.000000  99.000000  46.000000  32.000000  40.000000  19.000000  47.000000  88.000000  30.000000  6.000000  10.000000  19.000000 
Initial 
 0.06849  0.16927  0.26058  0.36013  0.54815  0.66171  0.80351  0.00936  0.00947  0.00925  0.00966  0.00985  0.00921  0.01206  0.19728  0.22959  0.13265  0.10034  0.22959  0.06122  0.04932 
Fitness: 243.656241 

Iterations #: 50500 
 0.10268, 0.00000, 0.26020, 0.44631, 0.67130, 0.53786, 0.72829, 0.02622, 0.00000, 0.02876, 0.00442, 0.02298, 0.00000, 0.00000, 0.20784, 0.22347, 0.19160, 0.11433, 0.20173, 0.03843, 0.02260,
Fitness: 16.017976 

real  32m25.959s
user  31m59.612s
sys 0m11.100s

### Jun

Prob 
 38.000000  85.000000  25.000000  93.000000  39.000000  29.000000  49.000000  21.000000  41.000000  74.000000  23.000000  7.000000  7.000000  22.000000 
Initial 
 0.06514  0.15419  0.25176  0.35588  0.52342  0.65267  0.80968  0.00934  0.00952  0.00926  0.00971  0.00953  0.00930  0.01269  0.22242  0.21338  0.12297  0.12658  0.20796  0.05425  0.05244 
Fitness: 286.308891 

Iterations #: 50500 
 0.06307, 0.24193, 0.39517, 0.44131, 0.67428, 0.46898, 0.77933, 0.01446, 0.01356, 0.00096, 0.00598, 0.01899, 0.00073, 0.00082, 0.21341, 0.21812, 0.12442, 0.13452, 0.19286, 0.06663, 0.05005,
Fitness: 48.086027 

real  42m11.499s
user  33m52.584s
sys 0m12.484s

### Jul

Prob 
 22.000000  91.000000  33.000000  88.000000  37.000000  34.000000  58.000000  26.000000  50.000000  87.000000  31.000000  14.000000  14.000000  18.000000 
Initial 
 0.08178  0.18171  0.27374  0.42013  0.56418  0.66569  0.82178  0.00935  0.00953  0.00940  0.01007  0.00976  0.00922  0.01161  0.18740  0.20066  0.11774  0.13930  0.22720  0.07463  0.05307 
Fitness: 177.338315 

Iterations #: 50500 
 0.08990, 0.19432, 0.25903, 0.44275, 0.66330, 0.68355, 0.81530, 0.02280, 0.00094, 0.02630, 0.01448, 0.01702, 0.00075, 0.00078, 0.19909, 0.13465, 0.16792, 0.14299, 0.21847, 0.07354, 0.06334,
Fitness: 20.136877 

real  40m21.347s
user  31m48.368s
sys 0m17.584s

### Ago
Prob 
 33.000000  83.000000  31.000000  54.000000  25.000000  26.000000  46.000000  18.000000  53.000000  92.000000  36.000000  16.000000  20.000000  44.000000 
Initial 
 0.07033  0.16750  0.30989  0.50759  0.64502  0.69940  0.91804  0.00939  0.00957  0.00986  0.00982  0.00932  0.00947  0.01037  0.20104  0.14731  0.08839  0.11092  0.25130  0.09012  0.11092 
Fitness: 79.213511 

Iterations #: 50500 
 0.09923, 0.26254, 0.43102, 0.94306, 0.64826, 0.67252, 0.90488, 0.05356, 0.05901, 0.00856, 0.01089, 0.01095, 0.00869, 0.00000, 0.17681, 0.11586, 0.11096, 0.10229, 0.17367, 0.12207, 0.19833,
Fitness: 39.702578 

real  36m16.465s
user  33m14.964s
sys 0m17.588s


### sep
Prob 
 17.000000  44.000000  23.000000  48.000000  32.000000  26.000000  63.000000  26.000000  61.000000  112.000000  27.000000  11.000000  20.000000  30.000000 
Initial 
 0.10563  0.26830  0.43416  0.55442  0.65477  0.68176  0.89082  0.00979  0.00963  0.01008  0.00965  0.00923  0.00928  0.01116  0.11296  0.13148  0.10741  0.16481  0.32037  0.07037  0.09259 
Fitness: 92.775196 

Iterations #: 50500 
 0.12447, 0.27559, 0.47024, 0.39442, 0.66057, 0.97916, 0.84703, 0.02839, 0.01990, 0.01736, 0.00195, 0.02652, 0.01199, 0.00315, 0.09108, 0.13248, 0.11581, 0.16780, 0.31808, 0.07350, 0.10124,
Fitness: 12.381647 

real  31m54.766s
user  31m37.732s
sys 0m6.584s

### OCT

Prob 
 27.000000  66.000000  19.000000  31.000000  9.000000  24.000000  80.000000  19.000000  80.000000  120.000000  42.000000  14.000000  10.000000  22.000000 
Initial 
 0.07766  0.23577  0.46939  0.56759  0.65348  0.67773  0.83900  0.00936  0.01036  0.00951  0.00966  0.00924  0.00925  0.01130  0.16519  0.08881  0.05861  0.17584  0.35524  0.09947  0.05684 
Fitness: 188.149963 

Iterations #: 50500 
 0.12292, 0.00000, 0.26452, 0.44963, 0.67483, 0.66582, 0.89176, 0.01644, 0.01087, 0.05075, 0.03661, 0.00967, 0.03930, 0.03970, 0.16046, 0.07451, 0.05348, 0.19385, 0.39087, 0.06032, 0.06650,
Fitness: 34.749368 

real  32m54.231s
user  29m56.496s
sys 0m7.076s

### Nov

Prob 
 27.000000  34.000000  4.000000  24.000000  13.000000  23.000000  103.000000  52.000000  96.000000  151.000000  32.000000  6.000000  6.000000  10.000000 
Initial 
 0.11627  0.41918  0.50701  0.58034  0.65028  0.66666  0.76146  0.01045  0.01021  0.00922  0.00934  0.00925  0.00918  0.01124  0.10499  0.04819  0.06196  0.26678  0.42513  0.06540  0.02754 
Fitness: 363.902142 

Iterations #: 50500 
 0.43496, 0.65691, 0.51781, 0.64973, 0.64074, 0.00000, 1.00000, 0.01259, 0.04606, 0.00963, 0.04139, 0.00000, 0.00000, 0.01257, 0.12368, 0.11282, 0.08800, 0.22159, 0.25332, 0.18750, 0.01309,
Fitness: 96.347418 

real  35m41.739s
user  32m53.668s
sys 0m11.120s

## Dic

Prob 
 22.000000  44.000000  7.000000  19.000000  7.000000  22.000000  79.000000  56.000000  93.000000  153.000000  46.000000  9.000000  7.000000  21.000000 
Initial 
 0.10846  0.42342  0.51972  0.60510  0.66098  0.67434  0.81154  0.01020  0.01042  0.00927  0.00935  0.00921  0.00922  0.01152  0.11282  0.04444  0.04957  0.23077  0.42051  0.09402  0.04786 
Fitness: 335.286306 

Iterations #: 50500 
 0.10812, 0.39501, 0.26303, 0.48164, 0.66360, 0.68488, 0.97141, 0.01871, 0.00786, 0.01605, 0.01660, 0.01538, 0.00477, 0.01568, 0.11858, 0.03257, 0.04532, 0.23098, 0.43571, 0.08893, 0.04790,
Fitness: 16.101387 

real  37m48.515s
user  34m52.916s
sys 0m15.624s

### Enero 2015

Prob 
 19.000000  12.000000  3.000000  11.000000  6.000000  4.000000  5.000000  9.000000  45.000000  49.000000  31.000000  8.000000  11.000000  6.000000 
Initial 
 0.06787  0.32494  0.59497  0.64783  0.67471  0.72672  0.85001  0.00954  0.01191  0.00937  0.00922  0.00922  0.00930  0.01028  0.14155  0.06393  0.04566  0.06393  0.42922  0.17808  0.07763 
Fitness: 42.941029 

Iterations #: 50500 
 0.05685, 0.26019, 0.44303, 0.62771, 0.64475, 0.73308, 0.88399, 0.02710, 0.01708, 0.01123, 0.01123, 0.01411, 0.01450, 0.01644, 0.15008, 0.09404, 0.05436, 0.07786, 0.36525, 0.17143, 0.08698,
Fitness: 2.762456 

real  36m24.710s
user  36m18.196s
sys 0m0.844s

### Enero 2014

Prob 
 9.000000  35.000000  10.000000  16.000000  8.000000  14.000000  5.000000  4.000000  16.000000  68.000000  9.000000  3.000000  2.000000  6.000000 
Initial 
 0.08640  0.16368  0.31313  0.55249  0.66571  0.66666  0.77876  0.00944  0.00945  0.00989  0.01103  0.00919  0.00918  0.01190  0.21463  0.12683  0.10732  0.04390  0.40976  0.05854  0.03902 
Fitness: 68.102447 

Iterations #: 50500 
 0.07243, 0.27259, 0.29250, 0.68473, 0.68027, 0.72108, 0.83581, 0.04156, 0.00000, 0.00272, 0.00000, 0.04963, 0.00000, 0.00000, 0.14035, 0.09368, 0.12843, 0.01200, 0.37489, 0.13800, 0.11265,
Fitness: 26.631838 

real  32m18.392s
user  32m4.328s
sys 0m2.944s

### Enero 2013

Prob 
 6.000000  11.000000  10.000000  11.000000  3.000000  1.000000  6.000000  4.000000  22.000000  84.000000  35.000000  2.000000  2.000000  9.000000 
Initial 
 0.12795  0.42637  0.64848  0.66666  0.66761  0.71166  0.82399  0.01013  0.01381  0.00926  0.00918  0.00919  0.00925  0.01163  0.08252  0.10194  0.01942  0.04854  0.51456  0.17961  0.05340 
Fitness: 194.988635 

Iterations #: 50500 
 0.00000, 0.18206, 0.93859, 0.69613, 0.68566, 1.00000, 1.00000, 0.01223, 0.00883, 0.00000, 0.00000, 0.02607, 0.00000, 0.00000, 0.04295, 0.08682, 0.02083, 0.03092, 0.60858, 0.16254, 0.04736,
Fitness: 10.285949 

real  35m47.732s
user  35m29.220s
sys 0m5.580s

### Mayo 2015

Prob 
 13.000000  20.000000  14.000000  22.000000  9.000000  8.000000  26.000000  10.000000  20.000000  12.000000  7.000000  0.000000  3.000000  8.000000 
Initial 
 0.06137  0.16205  0.26039  0.42087  0.51612  0.60993  0.79845  0.00938  0.00939  0.00933  0.01018  0.00932  0.00945  0.01321  0.19186  0.20930  0.09884  0.20930  0.18605  0.04070  0.06395 
Fitness: 60.843802 

Iterations #: 50500 
 0.06526, 0.23558, 0.02179, 0.63450, 0.45663, 0.42265, 0.95354, 0.01135, 0.01221, 0.00000, 0.00839, 0.02080, 0.00000, 0.02171, 0.22291, 0.22592, 0.10088, 0.21721, 0.20497, 0.00600, 0.02211,
Fitness: 7.525581 

real  35m1.793s
user  34m53.804s
sys 0m1.020s


### Mayo 2014

Prob 
 16.000000  30.000000  13.000000  37.000000  23.000000  4.000000  6.000000  5.000000  16.000000  44.000000  12.000000  2.000000  1.000000  3.000000 
Initial 
 0.06574  0.15550  0.25000  0.31665  0.56131  0.66666  0.74133  0.00934  0.00939  0.00924  0.00934  0.01051  0.00918  0.01071  0.21698  0.23585  0.12736  0.05189  0.28302  0.06604  0.01887 
Fitness: 142.856664 

Iterations #: 50500 
 0.08960, 0.25812, 0.68287, 0.06353, 0.00000, 0.94025, 0.39444, 0.01658, 0.03380, 0.02322, 0.05864, 0.00310, 0.00000, 0.05144, 0.20887, 0.32700, 0.24765, 0.07104, 0.05063, 0.08843, 0.00637,
Fitness: 37.046558 

real  30m0.702s
user  29m33.576s
sys 0m6.008s

### Mayo 2013

Prob 
 9.000000  28.000000  9.000000  40.000000  14.000000  20.000000  8.000000  4.000000  11.000000  32.000000  11.000000  4.000000  6.000000  6.000000 
Initial 
 0.07446  0.17958  0.26389  0.34034  0.49916  0.66369  0.80586  0.00933  0.00956  0.00923  0.00936  0.01102  0.00920  0.01190  0.18317  0.24257  0.16832  0.05941  0.21287  0.07426  0.05941 
Fitness: 135.687704 

Iterations #: 50500 
 0.09941, 0.24431, 0.35639, 0.24047, 0.68538, 0.65223, 0.79382, 0.03769, 0.05273, 0.00522, 0.00949, 0.00000, 0.04144, 0.01503, 0.15644, 0.18688, 0.17057, 0.06003, 0.24408, 0.11764, 0.06437,
Fitness: 20.536476 

real  30m57.105s
user  30m50.044s
sys 0m0.996s

### Septiembre 2015

Prob 
 4.000000  8.000000  7.000000  6.000000  0.000000  3.000000  52.000000  13.000000  2.000000  3.000000  2.000000  5.000000  11.000000  23.000000 
Initial 
 0.11728  0.38865  0.49999  0.49999  0.53791  0.83553  0.97563  0.00989  0.01167  0.00918  0.00918  0.00938  0.01092  0.00932  0.08633  0.09353  0.02158  0.46763  0.03597  0.05036  0.24460 
Fitness: 77.411834 

Iterations #: 50500 
 0.00000, 0.21243, 0.00000, 0.47330, 0.91299, 1.00000, 0.93417, 0.01741, 0.04993, 0.02090, 0.03647, 0.01763, 0.05256, 0.00046, 0.11611, 0.10974, 0.01426, 0.41868, 0.03235, 0.04252, 0.26634,
Fitness: 24.247726 

real  29m42.462s
user  29m27.732s
sys 0m6.132s

### Septiembre 2014

Prob 
 10.000000  19.000000  5.000000  14.000000  24.000000  13.000000  3.000000  7.000000  33.000000  43.000000  14.000000  4.000000  4.000000  6.000000 
Initial 
 0.07845  0.25622  0.35988  0.57358  0.64980  0.67161  0.80677  0.00964  0.00989  0.00948  0.00978  0.00924  0.00921  0.01166  0.14573  0.09548  0.18593  0.05025  0.38191  0.09045  0.05025 
Fitness: 19.563136 

Iterations #: 50500 
 0.08029, 0.30160, 0.31841, 0.41649, 0.65173, 1.00000, 0.81223, 0.02661, 0.01732, 0.00741, 0.00540, 0.01350, 0.00469, 0.00753, 0.12613, 0.07362, 0.20660, 0.00696, 0.46974, 0.07967, 0.03728,
Fitness: 1.999320 

real  33m50.932s
user  33m42.336s
sys 0m2.432s

### new test 2015

Prob 
 93.000000  216.000000  94.000000  168.000000  52.000000  87.000000  430.000000  167.000000  197.000000  244.000000  104.000000  50.000000  65.000000  108.000000 
Initial 
 0.08596  0.22507  0.43956  0.50411  0.58131  0.67563  0.87869  0.00952  0.00969  0.00983  0.00921  0.00953  0.00929  0.01112  0.14892  0.12627  0.06699  0.28771  0.21253  0.07422  0.08337 
Fitness: 461.834005 

Iterations #: 9005 
 0.10802, 0.25038, 0.48090, 0.46599, 0.63455, 0.71683, 0.99318, 0.03356, 0.02005, 0.01620, 0.03385, 0.01792, 0.00883, 0.00696, 0.12532, 0.12711, 0.12897, 0.18092, 0.15399, 0.14602, 0.13768,
Fitness: 21.580166 

real  8m7.632s
user  8m5.748s
sys 0m0.868s


### new test 2014

Prob 
 146.000000  285.000000  103.000000  244.000000  147.000000  101.000000  82.000000  73.000000  397.000000  594.000000  160.000000  37.000000  35.000000  94.000000 
Initial 
 0.07454  0.20270  0.35042  0.57978  0.65457  0.67117  0.81632  0.00942  0.00966  0.01003  0.00952  0.00923  0.00921  0.01184  0.17254  0.13891  0.09928  0.06205  0.39672  0.07886  0.05164 
Fitness: 301.128493 

Iterations #: 29494 
 0.09210, 0.25684, 0.43558, 0.32043, 0.65739, 0.73397, 0.97123, 0.02112, 0.01968, 0.00416, 0.00462, 0.01907, 0.00330, 0.01650, 0.16774, 0.14210, 0.09463, 0.06141, 0.40287, 0.08246, 0.04879,
Fitness: 19.869808 

real  20m54.869s
user  20m37.844s
sys 0m4.740s

### new test 2013

Prob 
 97.000000  229.000000  86.000000  252.000000  95.000000  116.000000  85.000000  51.000000  210.000000  751.000000  234.000000  31.000000  37.000000  71.000000 
Initial 
 0.08721  0.23758  0.41138  0.63692  0.66666  0.68263  0.81565  0.00951  0.00950  0.01052  0.00938  0.00918  0.00927  0.01134  0.13902  0.14414  0.08998  0.05800  0.40981  0.11301  0.04606 
Fitness: 424.247097 

Iterations #: 16778 
 0.09751, 0.25024, 0.38212, 0.48422, 0.68376, 0.66998, 0.93773, 0.02447, 0.03308, 0.01474, 0.00672, 0.02763, 0.02064, 0.00608, 0.14571, 0.14424, 0.08408, 0.06641, 0.37973, 0.11452, 0.06530,
Fitness: 20.768380 

real  11m44.016s
user  11m41.128s
sys 0m0.280s

### new ENERO ALL

Prob 
 34.000000  58.000000  23.000000  38.000000  17.000000  19.000000  16.000000  17.000000  83.000000  201.000000  75.000000  13.000000  15.000000  23.000000 
Initial 
 0.08654  0.25637  0.55688  0.65587  0.66666  0.70214  0.83685  0.00958  0.01024  0.01044  0.00923  0.00918  0.00931  0.01116  0.14557  0.09652  0.05696  0.05222  0.44937  0.13924  0.06013 
Fitness: 144.420285 

Iterations #: 86 
 0.07911, 0.25887, 0.56100, 0.64163, 0.66866, 0.68618, 0.83488, 0.01160, 0.01132, 0.00000, 0.00007, 0.01897, 0.01685, 0.00032, 0.14311, 0.10995, 0.07834, 0.07298, 0.37410, 0.14240, 0.07911,
Fitness: 20.890711 

real  0m3.963s
user  0m3.332s
sys 0m0.504s


### new FEBRERO ALL

Prob 
 23.000000  48.000000  27.000000  46.000000  15.000000  14.000000  18.000000  14.000000  73.000000  192.000000  58.000000  6.000000  14.000000  18.000000 
Initial 
 0.09649  0.24701  0.53128  0.65106  0.66666  0.68608  0.82027  0.00961  0.00981  0.01067  0.00926  0.00918  0.00927  0.01134  0.12544  0.12898  0.05124  0.05654  0.46820  0.11307  0.05654 
Fitness: 130.397909 

Iterations #: 288 
 0.09876, 0.25190, 0.47640, 0.64838, 0.68571, 0.70512, 0.93051, 0.01607, 0.02038, 0.00743, 0.01157, 0.02187, 0.01133, 0.02070, 0.14131, 0.15545, 0.07678, 0.07546, 0.44021, 0.07311, 0.03769,
Fitness: 19.450824 

real  0m12.379s
user  0m12.260s
sys 0m0.020s


### new MARZO ALL

Prob 
 30.000000  51.000000  22.000000  61.000000  26.000000  22.000000  21.000000  10.000000  67.000000  181.000000  41.000000  5.000000  8.000000  18.000000 
Initial 
 0.08270  0.23073  0.39879  0.62053  0.66666  0.67568  0.80021  0.00953  0.00951  0.01078  0.00939  0.00918  0.00922  0.01169  0.14387  0.14742  0.08526  0.05506  0.44050  0.08171  0.04618 
Fitness: 104.544257  

Iterations #: 49 
 0.07216, 0.24643, 0.40531, 0.62482, 0.67506, 0.68426, 0.80542, 0.01346, 0.02680, 0.01542, 0.03103, 0.02487, 0.00000, 0.00000, 0.14562, 0.13504, 0.10475, 0.06782, 0.41537, 0.08917, 0.04224,
Fitness: 18.610565 

real  0m3.144s
user  0m3.124s
sys 0m0.016s
